5 4
10 7
15 12
20 11
25 12
30 11
35 14
40 14
45 16
50 18
55 18
60 18
65 16
70 14
75 21
80 19
85 18
90 17
95 17
100 23
105 19
110 23
115 20
120 21
125 22
130 25
135 22
140 23
145 25
150 23
155 25
160 23
165 30
170 25
175 27
180 27
185 25
190 28
195 26
200 26
205 26
210 27
215 29
220 27
225 30
230 27
235 28
240 27
245 28
250 29
255 27
260 29
265 31
270 28
275 29
280 28
285 29
290 31
295 31
300 28
305 30
310 29
315 28
320 30
325 29
330 33
335 32
340 30
345 30
350 31
355 32
360 29
365 29
370 32
375 31
380 29
385 31
390 31
395 32
400 33
405 33
410 32
415 33
420 33
425 33
430 33
