0 1.0
1 1.22464679915e-16
2 1.0
3 0.0
4 1.0
5 1.41421356237
6 1.0
7 1.41421356237
8 1.0
9 2.0
10 3.0
11 3.16227766017
12 4.12310562562
13 5.09901951359
14 5.0
15 5.09901951359
16 5.38516480713
17 6.32455532034
18 6.0827625303
19 6.32455532034
20 6.0827625303
21 6.32455532034
22 6.0827625303
23 6.32455532034
24 6.0827625303
25 5.09901951359
26 5.0
27 5.09901951359
28 5.38516480713
29 6.32455532034
30 6.0827625303
31 5.09901951359
32 4.12310562562
33 3.16227766017
34 4.12310562562
35 4.472135955
36 5.38516480713
37 5.09901951359
38 6.0827625303
39 5.09901951359
40 6.0827625303
41 7.07106781187
42 7.28010988928
43 6.32455532034
44 6.0827625303
45 6.0
46 5.0
47 6.0
48 7.0
49 7.07106781187
50 6.0827625303
51 6.32455532034
52 7.28010988928
53 7.07106781187
54 7.0
55 7.07106781187
56 7.0
57 8.0
58 9.0
59 9.05538513814
60 9.0
61 8.0
62 9.0
63 9.05538513814
64 8.0622577483
65 8.24621125124
66 7.28010988928
67 7.07106781187
68 6.0827625303
69 6.32455532034
70 7.28010988928
71 8.24621125124
72 8.0622577483
73 9.05538513814
74 8.0622577483
75 9.05538513814
76 9.21954445729
77 9.05538513814
78 9.21954445729
79 8.24621125124
80 8.54400374532
81 8.24621125124
82 9.21954445729
83 10.1980390272
84 10.0498756211
85 10.0
86 10.0498756211
87 10.0
88 10.0498756211
89 10.1980390272
90 11.1803398875
91 11.0453610172
92 11.1803398875
93 11.401754251
94 12.3693168769
95 13.3416640641
96 12.3693168769
97 12.1655250606
98 12.0415945788
99 11.0453610172
100 10.0498756211
101 10.0
102 9.0
103 8.0
104 8.0622577483
105 9.05538513814
106 9.21954445729
107 9.05538513814
108 8.0622577483
109 7.07106781187
110 7.28010988928
111 7.61577310586
112 6.7082039325
113 5.83095189485
114 6.7082039325
115 7.61577310586
116 6.7082039325
117 5.83095189485
118 5.0
119 5.65685424949
120 5.0
121 5.65685424949
122 5.0
123 4.24264068712
124 3.60555127546
125 3.16227766017
126 2.2360679775
127 3.16227766017
128 3.0
129 2.0
130 1.0
131 2.0
132 1.0
133 2.0
134 2.2360679775
135 3.16227766017
136 3.60555127546
137 4.24264068712
138 3.60555127546
139 4.472135955
140 3.60555127546
141 2.82842712475
142 2.2360679775
143 2.0
144 3.0
145 3.16227766017
146 4.12310562562
147 4.0
148 4.12310562562
149 4.0
150 3.0
151 3.16227766017
152 3.60555127546
153 3.16227766017
154 3.60555127546
155 4.24264068712
156 5.0
157 4.24264068712
158 5.0
159 5.83095189485
160 5.0
161 4.24264068712
162 3.60555127546
163 2.82842712475
164 2.2360679775
165 3.16227766017
166 3.60555127546
167 3.16227766017
168 3.0
169 3.16227766017
170 4.12310562562
171 5.09901951359
172 5.0
173 5.09901951359
174 5.38516480713
175 6.32455532034
176 6.7082039325
177 7.61577310586
178 8.0622577483
179 8.94427191
180 8.54400374532
181 8.24621125124
182 8.54400374532
183 8.24621125124
184 8.0622577483
185 8.0
186 8.0622577483
187 7.07106781187
188 7.28010988928
189 7.07106781187
190 7.28010988928
191 8.24621125124
192 8.0622577483
193 8.0
194 7.0
195 6.0
196 5.0
197 5.09901951359
198 6.0827625303
199 7.07106781187
200 7.28010988928
201 6.32455532034
202 6.0827625303
203 5.09901951359
204 5.38516480713
205 5.83095189485
206 5.0
207 5.65685424949
208 5.0
209 5.83095189485
210 5.38516480713
211 5.83095189485
212 6.40312423743
213 7.21110255093
214 6.40312423743
215 5.83095189485
216 5.0
217 5.83095189485
218 5.0
219 5.83095189485
220 5.38516480713
221 4.472135955
222 4.12310562562
223 4.0

